12 160 380 381 162 120 373 780 3 367 831 359 645 833 317 329 736 835 815 54 708 
808 24 48 494 594 377 411 753 435 634 558 636 93 74 717 97 76 35 460 364 464 882 762 686 302 943 82 507 508 64 
45 28 170 790 252 296 132 199 431 750 212 311 478 577 952 315 316 615 956 978 94 517 836 913 39 182 860 300 246 5 225 325 129 602 669 527 924 84 827 
29 271 293 231 474 333 499 598 774 950 599 556 655 458 915 13 362 242 980 783 124 289 421 103 466 642 884 940 402 7 447 469 524 700 845 
273 374 990 397 430 672 870 695 278 433 576 796 258 698 932 658 858 51 816 839 78 161 360 384 288 387 247 885 589 304 546 723 822 207 746 406 83 308 803 86 
88 49 152 472 473 111 551 991 156 354 475 752 994 830 996 997 91 918 163 680 560 2 245 4 125 763 203 368 566 764 404 569 646 802 407 649 63 729 809 69 292 294 492 690 130 174 251 570 693 573 410 454 575 971 896 534 930 139 72 737 738 31 938 32 819 261 781 386 587 621 501 348 305 547 866 504 548 988 505 989 902 706 509 906 
58 16 281 195 890 363 683 321 563 673 663 784 820 898 338 679 877 537 318 859 619 917 
290 390 453 497 596 610 314 413 754 437 778 219 319 936 30 19 681 265 760 662 465 685 489 446 427 627 
44 192 194 670 550 671 793 398 992 113 630 235 236 511 632 713 878 637 714 957 95 518 958 916 11 59 121 320 562 960 400 401 248 920 964 767 922 769 967 925 607 926 27 291 490 175 177 331 970 179 773 136 137 456 579 777 734 899 218 34 35 37 263 266 267 542 620 742 786 863 941 867 307 506 704 309 
908 154 353 595 553 312 159 239 910 959 919 164 561 167 322 126 522 841 765 601 846 529 848 409 1000 493 692 297 770 452 178 530 135 531 378 972 335 215 979 382 144 188 540 782 101 189 147 543 104 787 987 429 
909 590 272 274 396 234 279 356 554 873 951 875 90 117 876 514 999 759 51 519 18 440 287 441 881 123 365 442 521 445 965 60 725 968 66 370 131 651 696 653 851 335 412 852 578 739 817 939 140 347 424 666 623 667 788 745 868 945 40 948 707 
89 393 571 791 893 597 114 259 512 798 897 612 217 954 119 812 911 538 715 419 142 285 641 720 303 227 568 206 789 603 724 889 62 628 
250 471 352 495 792 254 256 751 257 436 439 516 716 618 55 56 284 340 286 385 660 243 342 541 842 886 963 722 228 229 647 801 900 749 41 849 806 
150 392 230 313 434 116 513 635 998 758 361 482 880 443 487 202 324 644 328 804 929 25 26 171 295 450 298 452 214 336 776 536 814 341 584 661 145 586 983 346 588 984 468 864 349 823 109 825 947 42 
33 46 180 260 691 186 264 133 221 872 785 6 226 743 205 447 648 408 617 639 705 96 10 
47 110 552 355 674 675 115 995 358 677 678 799 953 118 914 57 280 122 684 201 883 323 488 565 961 687 449 768 966 923 528 847 21 609 23 173 650 652 850 138 611 337 70 181 583 100 222 146 500 544 105 425 986 306 702 905 
190 470 394 232 277 795 477 236 676 237 238 832 756 515 955 879 52 98 17 282 283 241 165 682 761 168 520 169 323 444 643 128 326 766 843 8 405 208 726 728 805 927 67 491 253 330 572 891 375 496 134 211 299 376 772 455 730 895 457 656 931 657 855 976 339 977 659 539 818 38 184 141 185 383 461 220 462 343 420 585 301 389 664 862 665 106 502 865 80 81 625 946 85 629 904 949 
45 193 592 395 198 276 233 310 871 993 158 631 357 797 633 875 755 559 912 837 838 99 481 240 244 564 962 600 688 403 525 68 176 451 892 255 574 498 894 532 654 731 973 974 810 854 856 813 935 77 36 580 581 187 463 981 740 982 224 345 741 985 426 503 944 549 626 703 824 43 87 
709 476 213 533 555 535 557 733 975 613 811 92 735 834 417 483 485 486 366 268 422 148 149 204 523 567 249 942 448 844 921 9 108 526 209 605 727 969 65 
191 371 510 697 379 874 216 414 416 614 757 933 857 638 73 75 718 15 143 223 388 840 269 467 127 545 622 721 744 107 327 624 701 428 747 606 826 829 928 
907 196 372 197 593 210 112 332 794 699 710 712 53 79 480 262 166 200 423 689 821 668 888 869 20 828 
270 172 351 155 694 771 432 334 554 775 853 415 459 438 71 937 719 14 582 484 1 102 861 901 61 748 903 807 
22 391 151 591 350 153 275 157 399 479 732 711 779 934 50 418 616 183 640 344 369 887 800 604 608 
