67 68 909 49 392 272 371 198 253 694 991 871 970 411 697 137 577 238 414 998 31 10 939 918 78 281 482 142 461 165 187 682 265 287 960 985 403 865 449 505 605 726 40 628 926 708 
181 230 340 561 254 320 213 235 642 686 249 458 810 931 349 833 888 735 867 50 616 529 859 
12 480 591 251 120 164 594 133 342 222 420 366 432 433 587 226 457 644 820 855 713 922 
57 16 590 296 681 144 430 672 772 575 663 158 785 423 742 797 896 646 746 318 637 817 87 
89 191 390 151 110 550 156 310 597 631 478 830 116 358 556 678 877 758 836 52 838 56 17 286 1 200 486 487 564 883 202 961 324 6 568 526 60 803 968 849 20 22 808 929 370 130 892 453 651 773 774 533 731 138 776 613 538 418 814 75 938 818 33 460 264 221 101 387 267 268 543 940 424 502 426 822 427 944 83 904 948 
373 231 330 233 299 552 114 136 334 950 710 777 718 440 660 288 321 365 861 106 744 942 327 528 749 826 509 
396 473 793 354 794 313 599 951 875 436 634 832 953 679 712 954 92 317 715 51 53 719 55 161 163 881 2 641 169 246 763 884 445 764 127 688 721 964 723 767 407 24 69 27 172 250 175 770 891 298 695 498 851 412 775 534 535 657 72 419 738 937 380 780 583 463 266 542 586 740 422 302 984 149 303 622 788 80 107 305 624 668 987 823 82 428 868 308 507 85 949 906 
44 709 47 190 195 470 312 994 357 511 874 677 755 756 879 319 99 362 166 3 289 444 522 643 962 601 920 569 603 406 728 291 294 450 571 255 455 576 258 536 932 976 812 737 74 816 819 39 263 661 343 388 147 389 983 225 467 863 227 228 701 669 429 41 629 829 
26 150 273 471 395 692 275 771 277 596 157 674 872 279 653 610 215 557 733 876 118 999 18 184 187 220 882 344 400 466 467 841 885 348 503 745 943 923 409 508 707 
570 274 593 431 850 378 796 698 578 338 459 515 978 716 916 580 141 262 186 143 464 563 981 168 201 784 103 125 565 621 887 207 306 768 649 
290 494 112 574 654 853 930 898 734 778 956 539 717 76 98 15 180 183 185 240 100 122 782 145 367 886 7 524 689 206 747 84 408 925 86 21 
45 28 791 890 176 792 211 376 530 512 798 997 558 811 757 913 54 11 34 14 283 383 540 123 244 662 761 443 665 687 545 864 304 546 766 625 966 868 825 847 
592 197 397 474 398 673 399 751 873 434 513 316 917 13 481 361 560 363 364 167 124 489 204 128 129 404 405 648 967 171 292 490 173 690 493 257 973 699 612 899 219 615 813 73 739 35 36 386 980 102 465 301 862 786 347 501 548 988 506 706 
907 194 351 990 199 276 595 355 630 115 555 676 237 435 714 95 915 284 285 242 248 842 205 448 924 64 807 928 29 170 491 492 331 452 573 893 179 410 259 413 337 854 339 614 856 815 618 382 783 664 547 81 900 869 309 
393 353 750 234 993 632 359 239 910 438 559 834 911 955 839 483 247 600 765 447 800 647 801 845 725 846 607 806 809 174 495 210 134 377 499 730 972 379 975 217 617 581 584 189 223 104 500 544 941 623 865 504 947 827 905 43 
88 350 670 155 177 894 356 159 236 456 479 952 437 835 912 38 162 121 685 488 126 402 963 625 604 802 704 42 927 
152 196 153 992 477 598 752 753 831 315 799 635 878 93 94 959 280 683 684 762 4 203 368 722 602 844 921 328 329 769 606 372 297 574 212 335 852 336 655 656 70 658 977 71 417 857 858 936 30 79 260 381 385 462 781 188 541 421 345 741 148 105 626 901 945 989 748 902 705 903 
23 908 293 451 671 870 178 652 795 895 632 995 314 611 974 514 416 935 639 97 919 58 37 160 282 384 582 562 323 269 401 588 523 666 425 667 700 843 789 866 965 549 703 62 608 
25 1000 193 271 370 790 572 475 278 333 531 553 675 214 754 139 216 91 636 979 518 837 619 32 140 484 880 146 245 322 620 840 566 325 369 446 986 525 108 724 109 208 307 627 804 63 
66 46 154 135 311 476 971 554 732 897 711 933 958 519 19 261 680 241 266 224 5 468 326 645 821 229 209 729 65 
48 192 270 691 252 670 132 352 693 111 375 650 497 454 633 90 119 516 736 638 759 914 96 182 341 441 485 442 860 300 520 346 787 469 8 9 824 946 969 805 609 
391 295 394 131 472 374 232 496 551 332 113 256 696 510 532 996 117 579 415 218 537 779 439 659 934 517 957 77 59 360 243 760 585 640 982 521 720 567 589 743 702 889 527 61 727 848 828 
