907 909 194 351 594 792 113 510 675 511 435 997 517 916 18 163 362 883 644 326 602 767 648 24 25 291 173 175 253 331 892 499 731 336 974 931 614 36 39 140 580 186 340 461 100 342 860 102 389 788 747 706 
908 48 471 153 870 233 674 433 950 159 951 439 957 914 99 561 123 322 443 520 488 445 688 249 64 67 691 131 177 377 652 895 379 217 855 71 659 736 37 780 540 782 145 267 589 821 228 547 427 505 868 429 825 946 84 904 43 906 
593 671 474 554 830 512 117 755 833 998 51 915 10 17 164 288 289 400 843 406 604 769 649 726 968 969 170 891 333 654 413 538 857 935 618 937 32 264 584 344 388 784 147 345 620 346 941 469 502 986 426 789 822 83 506 
22 808 174 198 297 155 298 551 310 213 576 699 139 415 613 679 119 339 958 16 183 201 465 487 762 763 840 325 546 722 448 569 746 945 707 
190 591 273 352 398 311 432 631 710 90 359 118 636 999 714 50 94 837 52 838 53 718 56 59 160 360 361 680 120 245 564 202 643 842 128 405 846 209 847 926 927 1000 490 492 373 176 496 532 70 539 77 583 101 420 464 585 985 943 669 627 902 827 
46 390 790 693 793 970 597 598 852 733 558 635 318 516 817 285 343 684 422 467 786 841 109 704 848 63 409 
592 132 275 276 553 575 136 411 434 953 757 812 615 739 938 13 281 142 189 442 486 300 224 588 403 349 625 647 307 725 605 42 
709 192 590 195 152 154 990 112 552 234 158 796 236 676 754 831 952 879 12 19 481 483 560 287 683 321 486 882 124 444 489 522 764 885 567 721 921 965 526 603 922 802 967 408 172 370 295 494 178 498 773 378 412 534 578 536 778 218 978 72 418 616 815 859 180 462 146 542 740 104 225 742 984 348 667 107 702 867 901 41 629 
44 293 470 394 230 571 770 595 157 454 455 634 854 316 878 563 4 327 229 801 329 308 803 85 708 
193 670 791 596 673 115 599 116 514 877 759 97 11 320 441 244 169 521 565 401 127 963 447 646 723 845 62 608 290 330 495 572 134 530 135 179 410 137 214 775 259 459 657 811 899 976 537 219 818 939 34 582 341 660 981 223 421 586 663 500 865 80 108 507 826 903 
45 156 992 399 235 312 752 478 436 557 711 437 717 918 14 15 283 440 166 243 200 247 566 720 886 568 404 449 171 491 696 653 930 337 898 813 737 73 30 74 38 380 141 781 543 664 665 863 942 81 548 905 949 
809 68 26 28 294 130 251 199 650 672 894 730 457 611 655 612 975 317 416 658 856 758 959 181 482 143 682 661 222 168 367 466 983 269 544 687 347 501 743 7 601 944 988 923 309 606 607 
49 191 150 392 151 395 110 550 232 991 277 278 399 798 712 955 835 956 716 57 282 480 681 121 484 880 1 485 640 761 366 642 368 8 525 207 407 924 925 929 69 692 133 210 254 375 894 971 257 774 972 456 896 414 458 934 858 31 75 262 460 263 385 266 541 587 862 303 424 468 545 106 700 744 866 306 628 948 86 828 87 
271 272 393 111 376 750 476 851 797 138 314 556 875 678 515 933 93 637 639 96 54 33 184 383 220 242 144 881 523 622 524 305 701 824 705 807 
819 23 393 690 350 772 3 872 356 313 533 621 600 920 438 779 715 804 728 849 98 
161 581 286 451 695 531 685 114 323 741 335 446 732 776 579 810 887 844 954 559 724 617 509 65 
270 472 231 473 430 751 873 874 358 633 315 92 834 911 912 638 95 518 284 241 167 884 5 204 402 928 27 371 252 452 573 694 299 651 256 932 417 814 979 419 188 980 783 103 268 148 940 425 867 989 508 
88 89 391 396 475 794 630 477 994 632 479 677 996 91 756 319 913 519 240 165 363 364 562 760 365 960 125 246 203 248 369 689 766 964 206 888 724 768 527 529 806 609 292 570 296 255 574 258 577 215 656 338 977 738 619 35 382 185 221 982 301 105 149 666 787 227 503 624 987 504 823 82 869 749 829 
55 66 78 919 58 162 274 353 386 893 697 302 698 216 645 799 428 61 20 719 
908 372 493 450 355 795 357 753 513 832 876 239 734 713 735 937 917 182 384 2 785 324 6 864 745 549 703 40 727 
280 187 122 332 354 497 662 279 334 686 423 237 765 853 777 668 800 9 328 748 805 816 839 21 
47 196 197 397 431 871 993 555 995 238 910 836 641 961 126 962 205 722 129 889 966 60 208 528 409 729 29 250 890 374 771 211 453 212 850 610 973 897 535 936 76 79 260 381 261 265 463 387 861 226 820 304 623 900 626 947 
